100 50
26 53 7 63 951128
17 48 38 81 -205757
32 59 69 76 421580
27 28 60 77 226860
11 66 12 14 632082
1 31 8 22 -121677
4 34 4 93 -791243
18 69 64 71 31327
8 53 47 58 -110214
87 97 2 74 -884931
34 88 18 21 97132
53 75 27 53 -238783
75 85 55 60 -189551
8 27 31 85 190013
3 54 35 82 723195
17 98 52 80 546717
18 20 25 46 -776554
4 39 4 57 -157505
55 71 62 90 -758205
17 74 40 70 638082
74 89 66 95 363844
20 53 31 67 612461
24 88 78 96 796067
27 84 52 84 202650
5 82 27 54 -457884
29 61 21 87 482409
7 20 22 34 -464956
8 89 12 77 -809579
53 71 57 78 744097
67 94 34 57 300439
22 40 19 61 663300
24 98 33 69 -298317
27 49 70 90 -780726
21 91 3 32 -147423
29 88 4 61 523827
46 83 58 66 14688
20 88 9 62 507310
12 89 3 54 510474
21 91 24 55 116987
52 69 25 81 -742918
4 27 56 80 818219
34 98 13 46 -891091
70 72 59 99 -877500
46 57 48 100 -452680
78 92 3 3 -60969
81 90 4 26 358300
14 92 13 63 839657
5 15 15 85 230866
31 35 29 71 -83342
67 88 27 73 -19300
